Enter purchase price of home in USD: Enter loan term in years: Enter down payment percentage: 
Loan amount: $150,000.00
Loan type: 15-Year Fixed, 90.1-100% LTV at 6.775% APR
Monthly Payment = $1329.44
                           Amortization Table                           

Payment   Interest Payment   Principal Payment    Principal Balance      PMI   
   #            ($)                 ($)                  ($)             ($)   
==============================================================================
   0                                                150,000.00
   1           846.88              482.57           149,517.43          128.75
   2           844.15              485.29           149,032.14          128.75
   3           841.41              488.03           148,544.10          128.75
   4           838.66              490.79           148,053.31          128.75
   5           835.88              493.56           147,559.75          128.75
   6           833.10              496.35           147,063.41          128.75
   7           830.30              499.15           146,564.26          128.75
   8           827.48              501.97           146,062.29          128.75
   9           824.64              504.80           145,557.49          128.75
  10           821.79              507.65           145,049.84          128.75
  11           818.93              510.52           144,539.32          128.75
  12           816.04              513.40           144,025.93          128.75
  13           813.15              516.30           143,509.63          128.75
  14           810.23              519.21           142,990.41          128.75
  15           807.30              522.14           142,468.27          128.75
  16           804.35              525.09           141,943.18          128.75
  17           801.39              528.06           141,415.12          128.75
  18           798.41              531.04           140,884.08          128.75
  19           795.41              534.04           140,350.05          128.75
  20           792.39              537.05           139,813.00          128.75
  21           789.36              540.08           139,272.91          128.75
  22           786.31              543.13           138,729.78          128.75
  23           783.25              546.20           138,183.58          128.75
  24           780.16              549.28           137,634.30          128.75
  25           777.06              552.38           137,081.92          128.75
  26           773.94              555.50           136,526.41          128.75
  27           770.81              558.64           135,967.77          128.75
  28           767.65              561.79           135,405.98          128.75
  29           764.48              564.96           134,841.02          128.75
  30           761.29              568.15           134,272.86          128.75
  31           758.08              571.36           133,701.50          128.75
  32           754.86              574.59           133,126.91          128.75
  33           751.61              577.83           132,549.08          128.75
  34           748.35              581.09           131,967.99          128.75
  35           745.07              584.37           131,383.61          128.75
  36           741.77              587.67           130,795.94          128.75
  37           738.45              590.99           130,204.95          128.75
  38           735.12              594.33           129,610.62          128.75
  39           731.76              597.68           129,012.93          128.75
  40           728.39              601.06           128,411.87          128.75
  41           724.99              604.45           127,807.42          128.75
  42           721.58              607.86           127,199.56          128.75
  43           718.15              611.30           126,588.26          128.75
  44           714.70              614.75           125,973.51          128.75
  45           711.23              618.22           125,355.29          128.75
  46           707.74              621.71           124,733.59          128.75
  47           704.23              625.22           124,108.37          128.75
  48           700.70              628.75           123,479.62          128.75
  49           697.15              632.30           122,847.32          128.75
  50           693.58              635.87           122,211.45          128.75
  51           689.99              639.46           121,571.99          128.75
  52           686.38              643.07           120,928.92          128.75
  53           682.74              646.70           120,282.22          128.75
  54           679.09              650.35           119,631.87          128.75
  55           675.42              654.02           118,977.85            0.00
  56           671.73              657.72           118,320.13            0.00
  57           668.02              661.43           117,658.71            0.00
  58           664.28              665.16           116,993.54            0.00
  59           660.53              668.92           116,324.62            0.00
  60           656.75              672.69           115,651.93            0.00
  61           652.95              676.49           114,975.44            0.00
  62           649.13              680.31           114,295.13            0.00
  63           645.29              684.15           113,610.97            0.00
  64           641.43              688.02           112,922.96            0.00
  65           637.54              691.90           112,231.06            0.00
  66           633.64              695.81           111,535.25            0.00
  67           629.71              699.73           110,835.52            0.00
  68           625.76              703.69           110,131.83            0.00
  69           621.79              707.66           109,424.17            0.00
  70           617.79              711.65           108,712.52            0.00
  71           613.77              715.67           107,996.85            0.00
  72           609.73              719.71           107,277.14            0.00
  73           605.67              723.78           106,553.36            0.00
  74           601.58              727.86           105,825.50            0.00
  75           597.47              731.97           105,093.53            0.00
  76           593.34              736.10           104,357.42            0.00
  77           589.18              740.26           103,617.16            0.00
  78           585.01              744.44           102,872.73            0.00
  79           580.80              748.64           102,124.08            0.00
  80           576.58              752.87           101,371.21            0.00
  81           572.32              757.12           100,614.10            0.00
  82           568.05              761.39            99,852.70            0.00
  83           563.75              765.69            99,087.01            0.00
  84           559.43              770.02            98,316.99            0.00
  85           555.08              774.36            97,542.63            0.00
  86           550.71              778.73            96,763.90            0.00
  87           546.31              783.13            95,980.77            0.00
  88           541.89              787.55            95,193.21            0.00
  89           537.45              792.00            94,401.21            0.00
  90           532.97              796.47            93,604.74            0.00
  91           528.48              800.97            92,803.78            0.00
  92           523.95              805.49            91,998.29            0.00
  93           519.41              810.04            91,188.25            0.00
  94           514.83              814.61            90,373.64            0.00
  95           510.23              819.21            89,554.43            0.00
  96           505.61              823.83            88,730.59            0.00
  97           500.96              828.49            87,902.11            0.00
  98           496.28              833.16            87,068.94            0.00
  99           491.58              837.87            86,231.08            0.00
 100           486.85              842.60            85,388.48            0.00
 101           482.09              847.36            84,541.12            0.00
 102           477.31              852.14            83,688.98            0.00
 103           472.49              856.95            82,832.03            0.00
 104           467.66              861.79            81,970.25            0.00
 105           462.79              866.65            81,103.59            0.00
 106           457.90              871.55            80,232.05            0.00
 107           452.98              876.47            79,355.58            0.00
 108           448.03              881.42            78,474.16            0.00
 109           443.05              886.39            77,587.77            0.00
 110           438.05              891.40            76,696.37            0.00
 111           433.01              896.43            75,799.94            0.00
 112           427.95              901.49            74,898.45            0.00
 113           422.86              906.58            73,991.87            0.00
 114           417.75              911.70            73,080.18            0.00
 115           412.60              916.85            72,163.33            0.00
 116           407.42              922.02            71,241.31            0.00
 117           402.22              927.23            70,314.08            0.00
 118           396.98              932.46            69,381.62            0.00
 119           391.72              937.73            68,443.89            0.00
 120           386.42              943.02            67,500.87            0.00
 121           381.10              948.35            66,552.52            0.00
 122           375.74              953.70            65,598.82            0.00
 123           370.36              959.08            64,639.74            0.00
 124           364.95              964.50            63,675.24            0.00
 125           359.50              969.94            62,705.30            0.00
 126           354.02              975.42            61,729.88            0.00
 127           348.52              980.93            60,748.95            0.00
 128           342.98              986.47            59,762.48            0.00
 129           337.41              992.04            58,770.45            0.00
 130           331.81              997.64            57,772.81            0.00
 131           326.18            1,003.27            56,769.54            0.00
 132           320.51            1,008.93            55,760.61            0.00
 133           314.82            1,014.63            54,745.98            0.00
 134           309.09            1,020.36            53,725.62            0.00
 135           303.33            1,026.12            52,699.51            0.00
 136           297.53            1,031.91            51,667.59            0.00
 137           291.71            1,037.74            50,629.86            0.00
 138           285.85            1,043.60            49,586.26            0.00
 139           279.96            1,049.49            48,536.77            0.00
 140           274.03            1,055.41            47,481.36            0.00
 141           268.07            1,061.37            46,419.99            0.00
 142           262.08            1,067.36            45,352.62            0.00
 143           256.05            1,073.39            44,279.23            0.00
 144           249.99            1,079.45            43,199.78            0.00
 145           243.90            1,085.55            42,114.23            0.00
 146           237.77            1,091.67            41,022.56            0.00
 147           231.61            1,097.84            39,924.72            0.00
 148           225.41            1,104.04            38,820.69            0.00
 149           219.18            1,110.27            37,710.42            0.00
 150           212.91            1,116.54            36,593.88            0.00
 151           206.60            1,122.84            35,471.04            0.00
 152           200.26            1,129.18            34,341.86            0.00
 153           193.89            1,135.56            33,206.30            0.00
 154           187.48            1,141.97            32,064.34            0.00
 155           181.03            1,148.41            30,915.92            0.00
 156           174.55            1,154.90            29,761.02            0.00
 157           168.03            1,161.42            28,599.60            0.00
 158           161.47            1,167.98            27,431.63            0.00
 159           154.87            1,174.57            26,257.06            0.00
 160           148.24            1,181.20            25,075.86            0.00
 161           141.57            1,187.87            23,887.99            0.00
 162           134.87            1,194.58            22,693.41            0.00
 163           128.12            1,201.32            21,492.09            0.00
 164           121.34            1,208.10            20,283.99            0.00
 165           114.52            1,214.92            19,069.06            0.00
 166           107.66            1,221.78            17,847.28            0.00
 167           100.76            1,228.68            16,618.60            0.00
 168            93.83            1,235.62            15,382.98            0.00
 169            86.85            1,242.59            14,140.39            0.00
 170            79.83            1,249.61            12,890.78            0.00
 171            72.78            1,256.66            11,634.11            0.00
 172            65.68            1,263.76            10,370.35            0.00
 173            58.55            1,270.89             9,099.46            0.00
 174            51.37            1,278.07             7,821.39            0.00
 175            44.16            1,285.29             6,536.10            0.00
 176            36.90            1,292.54             5,243.56            0.00
 177            29.60            1,299.84             3,943.72            0.00
 178            22.27            1,307.18             2,636.54            0.00
 179            14.89            1,314.56             1,321.98            0.00
 180             7.46            1,321.98                 0.00            0.00
==============================================================================

Mortgage Summary
Total interest paid: $                                               89,299.95
Total payment to principal: $                                       150,000.00
Total PMI paid: $                                                     6,952.50
Total payments: $                                                   246,252.45
