Enter the purchase price of your home: $100000.00
Enter the term of the loan in years: 10
Enter your down payment percentage: 5.0

Loan amount: $95,000.00
Loan type: 10-Year Fixed, 90.1-100% LTV at 6.550% APR
Monthly Payment = $1081.12
                           Amortization Table                           

Payment   Interest Payment   Principal Payment    Principal Balance      PMI   
   #            ($)                 ($)                  ($)             ($)   
==============================================================================
   0                                                 95,000.00
   1           518.54              562.58            94,437.42           69.27
   2           515.47              565.65            93,871.76           69.27
   3           512.38              568.74            93,303.02           69.27
   4           509.28              571.85            92,731.18           69.27
   5           506.16              574.97            92,156.21           69.27
   6           503.02              578.10            91,578.11           69.27
   7           499.86              581.26            90,996.85           69.27
   8           496.69              584.43            90,412.41           69.27
   9           493.50              587.62            89,824.79           69.27
  10           490.29              590.83            89,233.96           69.27
  11           487.07              594.06            88,639.90           69.27
  12           483.83              597.30            88,042.61           69.27
  13           480.57              600.56            87,442.05           69.27
  14           477.29              603.84            86,838.21           69.27
  15           473.99              607.13            86,231.08           69.27
  16           470.68              610.45            85,620.63           69.27
  17           467.35              613.78            85,006.86           69.27
  18           464.00              617.13            84,389.73           69.27
  19           460.63              620.50            83,769.23           69.27
  20           457.24              623.88            83,145.35           69.27
  21           453.84              627.29            82,518.06           69.27
  22           450.41              630.71            81,887.34           69.27
  23           446.97              634.16            81,253.19           69.27
  24           443.51              637.62            80,615.57           69.27
  25           440.03              641.10            79,974.47           69.27
  26           436.53              644.60            79,329.88            0.00
  27           433.01              648.12            78,681.76            0.00
  28           429.47              651.65            78,030.11            0.00
  29           425.91              655.21            77,374.90            0.00
  30           422.34              658.79            76,716.11            0.00
  31           418.74              662.38            76,053.73            0.00
  32           415.13              666.00            75,387.73            0.00
  33           411.49              669.63            74,718.10            0.00
  34           407.84              673.29            74,044.81            0.00
  35           404.16              676.96            73,367.85            0.00
  36           400.47              680.66            72,687.19            0.00
  37           396.75              684.37            72,002.82            0.00
  38           393.02              688.11            71,314.71            0.00
  39           389.26              691.86            70,622.84            0.00
  40           385.48              695.64            69,927.20            0.00
  41           381.69              699.44            69,227.76            0.00
  42           377.87              703.26            68,524.51            0.00
  43           374.03              707.09            67,817.41            0.00
  44           370.17              710.95            67,106.46            0.00
  45           366.29              714.83            66,391.63            0.00
  46           362.39              718.74            65,672.89            0.00
  47           358.46              722.66            64,950.23            0.00
  48           354.52              726.60            64,223.62            0.00
  49           350.55              730.57            63,493.05            0.00
  50           346.57              734.56            62,758.50            0.00
  51           342.56              738.57            62,019.93            0.00
  52           338.53              742.60            61,277.33            0.00
  53           334.47              746.65            60,530.68            0.00
  54           330.40              750.73            59,779.95            0.00
  55           326.30              754.83            59,025.13            0.00
  56           322.18              758.95            58,266.18            0.00
  57           318.04              763.09            57,503.09            0.00
  58           313.87              767.25            56,735.84            0.00
  59           309.68              771.44            55,964.40            0.00
  60           305.47              775.65            55,188.75            0.00
  61           301.24              779.89            54,408.86            0.00
  62           296.98              784.14            53,624.72            0.00
  63           292.70              788.42            52,836.30            0.00
  64           288.40              792.73            52,043.57            0.00
  65           284.07              797.05            51,246.52            0.00
  66           279.72              801.40            50,445.11            0.00
  67           275.35              805.78            49,639.34            0.00
  68           270.95              810.18            48,829.16            0.00
  69           266.53              814.60            48,014.56            0.00
  70           262.08              819.04            47,195.52            0.00
  71           257.61              823.52            46,372.00            0.00
  72           253.11              828.01            45,543.99            0.00
  73           248.59              832.53            44,711.46            0.00
  74           244.05              837.07            43,874.39            0.00
  75           239.48              841.64            43,032.74            0.00
  76           234.89              846.24            42,186.51            0.00
  77           230.27              850.86            41,335.65            0.00
  78           225.62              855.50            40,480.15            0.00
  79           220.95              860.17            39,619.98            0.00
  80           216.26              864.87            38,755.11            0.00
  81           211.54              869.59            37,885.53            0.00
  82           206.79              874.33            37,011.20            0.00
  83           202.02              879.10            36,132.09            0.00
  84           197.22              883.90            35,248.19            0.00
  85           192.40              888.73            34,359.46            0.00
  86           187.55              893.58            33,465.88            0.00
  87           182.67              898.46            32,567.43            0.00
  88           177.76              903.36            31,664.06            0.00
  89           172.83              908.29            30,755.77            0.00
  90           167.88              913.25            29,842.52            0.00
  91           162.89              918.23            28,924.29            0.00
  92           157.88              923.25            28,001.05            0.00
  93           152.84              928.29            27,072.76            0.00
  94           147.77              933.35            26,139.41            0.00
  95           142.68              938.45            25,200.96            0.00
  96           137.56              943.57            24,257.39            0.00
  97           132.40              948.72            23,308.67            0.00
  98           127.23              953.90            22,354.78            0.00
  99           122.02              959.10            21,395.67            0.00
 100           116.78              964.34            20,431.33            0.00
 101           111.52              969.60            19,461.73            0.00
 102           106.23              974.90            18,486.83            0.00
 103           100.91              980.22            17,506.62            0.00
 104            95.56              985.57            16,521.05            0.00
 105            90.18              990.95            15,530.10            0.00
 106            84.77              996.36            14,533.75            0.00
 107            79.33            1,001.79            13,531.95            0.00
 108            73.86            1,007.26            12,524.69            0.00
 109            68.36            1,012.76            11,511.93            0.00
 110            62.84            1,018.29            10,493.64            0.00
 111            57.28            1,023.85             9,469.80            0.00
 112            51.69            1,029.43             8,440.36            0.00
 113            46.07            1,035.05             7,405.31            0.00
 114            40.42            1,040.70             6,364.60            0.00
 115            34.74            1,046.38             5,318.22            0.00
 116            29.03            1,052.10             4,266.12            0.00
 117            23.29            1,057.84             3,208.29            0.00
 118            17.51            1,063.61             2,144.67            0.00
 119            11.71            1,069.42             1,075.26            0.00
 120             5.87            1,075.26                 0.00            0.00
==============================================================================

Mortgage Summary
Total interest paid: $                                               34,734.90
Total payment to principal: $                                        95,000.00
Total PMI paid: $                                                     1,731.77
Total payments: $                                                   131,466.67
