Enter the purchase price of your home: $285900.00
Enter the term of the loan in years: 30
Enter your down payment percentage: 10.0

Loan amount: $257,310.00
Loan type: 30-Year Fixed, 90% or less LTV at 7.000% APR
Monthly Payment = $1711.89
                           Amortization Table                           

Payment   Interest Payment   Principal Payment    Principal Balance      PMI   
   #            ($)                 ($)                  ($)             ($)   
==============================================================================
   0                                                257,310.00
   1         1,500.98              210.91           257,099.09          144.74
   2         1,499.74              212.15           256,886.94          144.74
   3         1,498.51              213.38           256,673.56          144.74
   4         1,497.26              214.63           256,458.93          144.74
   5         1,496.01              215.88           256,243.05          144.74
   6         1,494.75              217.14           256,025.91          144.74
   7         1,493.48              218.41           255,807.51          144.74
   8         1,492.21              219.68           255,587.83          144.74
   9         1,490.93              220.96           255,366.87          144.74
  10         1,489.64              222.25           255,144.62          144.74
  11         1,488.34              223.55           254,921.07          144.74
  12         1,487.04              224.85           254,696.22          144.74
  13         1,485.73              226.16           254,470.06          144.74
  14         1,484.41              227.48           254,242.58          144.74
  15         1,483.08              228.81           254,013.77          144.74
  16         1,481.75              230.14           253,783.63          144.74
  17         1,480.40              231.49           253,552.14          144.74
  18         1,479.05              232.84           253,319.30          144.74
  19         1,477.70              234.19           253,085.11          144.74
  20         1,476.33              235.56           252,849.55          144.74
  21         1,474.96              236.93           252,612.62          144.74
  22         1,473.57              238.32           252,374.30          144.74
  23         1,472.18              239.71           252,134.59          144.74
  24         1,470.79              241.10           251,893.49          144.74
  25         1,469.38              242.51           251,650.98          144.74
  26         1,467.96              243.93           251,407.05          144.74
  27         1,466.54              245.35           251,161.70          144.74
  28         1,465.11              246.78           250,914.92          144.74
  29         1,463.67              248.22           250,666.70          144.74
  30         1,462.22              249.67           250,417.04          144.74
  31         1,460.77              251.12           250,165.91          144.74
  32         1,459.30              252.59           249,913.32          144.74
  33         1,457.83              254.06           249,659.26          144.74
  34         1,456.35              255.54           249,403.72          144.74
  35         1,454.86              257.03           249,146.68          144.74
  36         1,453.36              258.53           248,888.15          144.74
  37         1,451.85              260.04           248,628.11          144.74
  38         1,450.33              261.56           248,366.55          144.74
  39         1,448.80              263.08           248,103.46          144.74
  40         1,447.27              264.62           247,838.84          144.74
  41         1,445.73              266.16           247,572.68          144.74
  42         1,444.17              267.72           247,304.96          144.74
  43         1,442.61              269.28           247,035.69          144.74
  44         1,441.04              270.85           246,764.84          144.74
  45         1,439.46              272.43           246,492.41          144.74
  46         1,437.87              274.02           246,218.39          144.74
  47         1,436.27              275.62           245,942.78          144.74
  48         1,434.67              277.22           245,665.55          144.74
  49         1,433.05              278.84           245,386.71          144.74
  50         1,431.42              280.47           245,106.24          144.74
  51         1,429.79              282.10           244,824.14          144.74
  52         1,428.14              283.75           244,540.39          144.74
  53         1,426.49              285.40           244,254.99          144.74
  54         1,424.82              287.07           243,967.92          144.74
  55         1,423.15              288.74           243,679.17          144.74
  56         1,421.46              290.43           243,388.75          144.74
  57         1,419.77              292.12           243,096.62          144.74
  58         1,418.06              293.83           242,802.80          144.74
  59         1,416.35              295.54           242,507.26          144.74
  60         1,414.63              297.26           242,209.99          144.74
  61         1,412.89              299.00           241,911.00          144.74
  62         1,411.15              300.74           241,610.25          144.74
  63         1,409.39              302.50           241,307.76          144.74
  64         1,407.63              304.26           241,003.50          144.74
  65         1,405.85              306.04           240,697.46          144.74
  66         1,404.07              307.82           240,389.64          144.74
  67         1,402.27              309.62           240,080.02          144.74
  68         1,400.47              311.42           239,768.60          144.74
  69         1,398.65              313.24           239,455.36          144.74
  70         1,396.82              315.07           239,140.29          144.74
  71         1,394.99              316.90           238,823.39          144.74
  72         1,393.14              318.75           238,504.63          144.74
  73         1,391.28              320.61           238,184.02          144.74
  74         1,389.41              322.48           237,861.54          144.74
  75         1,387.53              324.36           237,537.17          144.74
  76         1,385.63              326.26           237,210.92          144.74
  77         1,383.73              328.16           236,882.76          144.74
  78         1,381.82              330.07           236,552.68          144.74
  79         1,379.89              332.00           236,220.68          144.74
  80         1,377.95              333.94           235,886.75          144.74
  81         1,376.01              335.88           235,550.86          144.74
  82         1,374.05              337.84           235,213.02          144.74
  83         1,372.08              339.81           234,873.21          144.74
  84         1,370.09              341.80           234,531.41          144.74
  85         1,368.10              343.79           234,187.62          144.74
  86         1,366.09              345.80           233,841.83          144.74
  87         1,364.08              347.81           233,494.01          144.74
  88         1,362.05              349.84           233,144.17          144.74
  89         1,360.01              351.88           232,792.29          144.74
  90         1,357.96              353.93           232,438.35          144.74
  91         1,355.89              356.00           232,082.36          144.74
  92         1,353.81              358.08           231,724.28          144.74
  93         1,351.72              360.16           231,364.11          144.74
  94         1,349.62              362.27           231,001.85          144.74
  95         1,347.51              364.38           230,637.47          144.74
  96         1,345.39              366.50           230,270.96          144.74
  97         1,343.25              368.64           229,902.32          144.74
  98         1,341.10              370.79           229,531.53          144.74
  99         1,338.93              372.96           229,158.57          144.74
 100         1,336.76              375.13           228,783.44          144.74
 101         1,334.57              377.32           228,406.12          144.74
 102         1,332.37              379.52           228,026.60            0.00
 103         1,330.16              381.73           227,644.87            0.00
 104         1,327.93              383.96           227,260.91            0.00
 105         1,325.69              386.20           226,874.70            0.00
 106         1,323.44              388.45           226,486.25            0.00
 107         1,321.17              390.72           226,095.53            0.00
 108         1,318.89              393.00           225,702.53            0.00
 109         1,316.60              395.29           225,307.24            0.00
 110         1,314.29              397.60           224,909.64            0.00
 111         1,311.97              399.92           224,509.72            0.00
 112         1,309.64              402.25           224,107.47            0.00
 113         1,307.29              404.60           223,702.88            0.00
 114         1,304.93              406.96           223,295.92            0.00
 115         1,302.56              409.33           222,886.59            0.00
 116         1,300.17              411.72           222,474.87            0.00
 117         1,297.77              414.12           222,060.75            0.00
 118         1,295.35              416.54           221,644.22            0.00
 119         1,292.92              418.97           221,225.25            0.00
 120         1,290.48              421.41           220,803.84            0.00
 121         1,288.02              423.87           220,379.98            0.00
 122         1,285.55              426.34           219,953.64            0.00
 123         1,283.06              428.83           219,524.81            0.00
 124         1,280.56              431.33           219,093.48            0.00
 125         1,278.05              433.84           218,659.64            0.00
 126         1,275.51              436.38           218,223.26            0.00
 127         1,272.97              438.92           217,784.34            0.00
 128         1,270.41              441.48           217,342.86            0.00
 129         1,267.83              444.06           216,898.80            0.00
 130         1,265.24              446.65           216,452.16            0.00
 131         1,262.64              449.25           216,002.90            0.00
 132         1,260.02              451.87           215,551.03            0.00
 133         1,257.38              454.51           215,096.52            0.00
 134         1,254.73              457.16           214,639.36            0.00
 135         1,252.06              459.83           214,179.53            0.00
 136         1,249.38              462.51           213,717.03            0.00
 137         1,246.68              465.21           213,251.82            0.00
 138         1,243.97              467.92           212,783.90            0.00
 139         1,241.24              470.65           212,313.25            0.00
 140         1,238.49              473.40           211,839.85            0.00
 141         1,235.73              476.16           211,363.69            0.00
 142         1,232.95              478.93           210,884.76            0.00
 143         1,230.16              481.73           210,403.03            0.00
 144         1,227.35              484.54           209,918.49            0.00
 145         1,224.52              487.37           209,431.13            0.00
 146         1,221.68              490.21           208,940.92            0.00
 147         1,218.82              493.07           208,447.85            0.00
 148         1,215.95              495.94           207,951.91            0.00
 149         1,213.05              498.84           207,453.07            0.00
 150         1,210.14              501.75           206,951.32            0.00
 151         1,207.22              504.67           206,446.65            0.00
 152         1,204.27              507.62           205,939.03            0.00
 153         1,201.31              510.58           205,428.45            0.00
 154         1,198.33              513.56           204,914.89            0.00
 155         1,195.34              516.55           204,398.34            0.00
 156         1,192.32              519.57           203,878.77            0.00
 157         1,189.29              522.60           203,356.18            0.00
 158         1,186.24              525.65           202,830.53            0.00
 159         1,183.18              528.71           202,301.82            0.00
 160         1,180.09              531.80           201,770.02            0.00
 161         1,176.99              534.90           201,235.13            0.00
 162         1,173.87              538.02           200,697.11            0.00
 163         1,170.73              541.16           200,155.95            0.00
 164         1,167.58              544.31           199,611.64            0.00
 165         1,164.40              547.49           199,064.15            0.00
 166         1,161.21              550.68           198,513.47            0.00
 167         1,158.00              553.89           197,959.57            0.00
 168         1,154.76              557.13           197,402.45            0.00
 169         1,151.51              560.38           196,842.07            0.00
 170         1,148.25              563.64           196,278.43            0.00
 171         1,144.96              566.93           195,711.49            0.00
 172         1,141.65              570.24           195,141.25            0.00
 173         1,138.32              573.57           194,567.69            0.00
 174         1,134.98              576.91           193,990.78            0.00
 175         1,131.61              580.28           193,410.50            0.00
 176         1,128.23              583.66           192,826.84            0.00
 177         1,124.82              587.07           192,239.77            0.00
 178         1,121.40              590.49           191,649.28            0.00
 179         1,117.95              593.94           191,055.34            0.00
 180         1,114.49              597.40           190,457.94            0.00
 181         1,111.00              600.89           189,857.06            0.00
 182         1,107.50              604.39           189,252.67            0.00
 183         1,103.97              607.92           188,644.75            0.00
 184         1,100.43              611.46           188,033.29            0.00
 185         1,096.86              615.03           187,418.26            0.00
 186         1,093.27              618.62           186,799.65            0.00
 187         1,089.66              622.23           186,177.42            0.00
 188         1,086.03              625.85           185,551.57            0.00
 189         1,082.38              629.51           184,922.06            0.00
 190         1,078.71              633.18           184,288.88            0.00
 191         1,075.02              636.87           183,652.01            0.00
 192         1,071.30              640.59           183,011.42            0.00
 193         1,067.57              644.32           182,367.10            0.00
 194         1,063.81              648.08           181,719.02            0.00
 195         1,060.03              651.86           181,067.16            0.00
 196         1,056.23              655.66           180,411.49            0.00
 197         1,052.40              659.49           179,752.00            0.00
 198         1,048.55              663.34           179,088.67            0.00
 199         1,044.68              667.21           178,421.46            0.00
 200         1,040.79              671.10           177,750.36            0.00
 201         1,036.88              675.01           177,075.35            0.00
 202         1,032.94              678.95           176,396.40            0.00
 203         1,028.98              682.91           175,713.49            0.00
 204         1,025.00              686.89           175,026.59            0.00
 205         1,020.99              690.90           174,335.69            0.00
 206         1,016.96              694.93           173,640.76            0.00
 207         1,012.90              698.99           172,941.78            0.00
 208         1,008.83              703.06           172,238.71            0.00
 209         1,004.73              707.16           171,531.55            0.00
 210         1,000.60              711.29           170,820.26            0.00
 211           996.45              715.44           170,104.82            0.00
 212           992.28              719.61           169,385.21            0.00
 213           988.08              723.81           168,661.40            0.00
 214           983.86              728.03           167,933.37            0.00
 215           979.61              732.28           167,201.09            0.00
 216           975.34              736.55           166,464.54            0.00
 217           971.04              740.85           165,723.69            0.00
 218           966.72              745.17           164,978.52            0.00
 219           962.37              749.52           164,229.01            0.00
 220           958.00              753.89           163,475.12            0.00
 221           953.60              758.28           162,716.84            0.00
 222           949.18              762.71           161,954.13            0.00
 223           944.73              767.16           161,186.97            0.00
 224           940.26              771.63           160,415.34            0.00
 225           935.76              776.13           159,639.20            0.00
 226           931.23              780.66           158,858.54            0.00
 227           926.67              785.22           158,073.33            0.00
 228           922.09              789.80           157,283.53            0.00
 229           917.49              794.40           156,489.13            0.00
 230           912.85              799.04           155,690.09            0.00
 231           908.19              803.70           154,886.40            0.00
 232           903.50              808.39           154,078.01            0.00
 233           898.79              813.10           153,264.91            0.00
 234           894.05              817.84           152,447.06            0.00
 235           889.27              822.62           151,624.45            0.00
 236           884.48              827.41           150,797.04            0.00
 237           879.65              832.24           149,964.79            0.00
 238           874.79              837.10           149,127.70            0.00
 239           869.91              841.98           148,285.72            0.00
 240           865.00              846.89           147,438.83            0.00
 241           860.06              851.83           146,587.00            0.00
 242           855.09              856.80           145,730.20            0.00
 243           850.09              861.80           144,868.41            0.00
 244           845.07              866.82           144,001.58            0.00
 245           840.01              871.88           143,129.70            0.00
 246           834.92              876.97           142,252.73            0.00
 247           829.81              882.08           141,370.65            0.00
 248           824.66              887.23           140,483.42            0.00
 249           819.49              892.40           139,591.02            0.00
 250           814.28              897.61           138,693.41            0.00
 251           809.04              902.84           137,790.57            0.00
 252           803.78              908.11           136,882.46            0.00
 253           798.48              913.41           135,969.05            0.00
 254           793.15              918.74           135,050.31            0.00
 255           787.79              924.10           134,126.21            0.00
 256           782.40              929.49           133,196.73            0.00
 257           776.98              934.91           132,261.82            0.00
 258           771.53              940.36           131,321.45            0.00
 259           766.04              945.85           130,375.61            0.00
 260           760.52              951.37           129,424.24            0.00
 261           754.97              956.92           128,467.33            0.00
 262           749.39              962.50           127,504.83            0.00
 263           743.78              968.11           126,536.72            0.00
 264           738.13              973.76           125,562.96            0.00
 265           732.45              979.44           124,583.52            0.00
 266           726.74              985.15           123,598.37            0.00
 267           720.99              990.90           122,607.47            0.00
 268           715.21              996.68           121,610.79            0.00
 269           709.40            1,002.49           120,608.29            0.00
 270           703.55            1,008.34           119,599.95            0.00
 271           697.67            1,014.22           118,585.73            0.00
 272           691.75            1,020.14           117,565.59            0.00
 273           685.80            1,026.09           116,539.50            0.00
 274           679.81            1,032.08           115,507.42            0.00
 275           673.79            1,038.10           114,469.33            0.00
 276           667.74            1,044.15           113,425.17            0.00
 277           661.65            1,050.24           112,374.93            0.00
 278           655.52            1,056.37           111,318.56            0.00
 279           649.36            1,062.53           110,256.03            0.00
 280           643.16            1,068.73           109,187.30            0.00
 281           636.93            1,074.96           108,112.34            0.00
 282           630.66            1,081.23           107,031.10            0.00
 283           624.35            1,087.54           105,943.56            0.00
 284           618.00            1,093.89           104,849.67            0.00
 285           611.62            1,100.27           103,749.41            0.00
 286           605.20            1,106.68           102,642.72            0.00
 287           598.75            1,113.14           101,529.58            0.00
 288           592.26            1,119.63           100,409.95            0.00
 289           585.72            1,126.17            99,283.78            0.00
 290           579.16            1,132.73            98,151.05            0.00
 291           572.55            1,139.34            97,011.71            0.00
 292           565.90            1,145.99            95,865.72            0.00
 293           559.22            1,152.67            94,713.04            0.00
 294           552.49            1,159.40            93,553.65            0.00
 295           545.73            1,166.16            92,387.49            0.00
 296           538.93            1,172.96            91,214.52            0.00
 297           532.08            1,179.81            90,034.72            0.00
 298           525.20            1,186.69            88,848.03            0.00
 299           518.28            1,193.61            87,654.42            0.00
 300           511.32            1,200.57            86,453.85            0.00
 301           504.31            1,207.58            85,246.27            0.00
 302           497.27            1,214.62            84,031.65            0.00
 303           490.18            1,221.71            82,809.95            0.00
 304           483.06            1,228.83            81,581.12            0.00
 305           475.89            1,236.00            80,345.12            0.00
 306           468.68            1,243.21            79,101.91            0.00
 307           461.43            1,250.46            77,851.45            0.00
 308           454.13            1,257.76            76,593.69            0.00
 309           446.80            1,265.09            75,328.60            0.00
 310           439.42            1,272.47            74,056.12            0.00
 311           431.99            1,279.90            72,776.23            0.00
 312           424.53            1,287.36            71,488.86            0.00
 313           417.02            1,294.87            70,193.99            0.00
 314           409.46            1,302.42            68,891.57            0.00
 315           401.87            1,310.02            67,581.55            0.00
 316           394.23            1,317.66            66,263.88            0.00
 317           386.54            1,325.35            64,938.53            0.00
 318           378.81            1,333.08            63,605.45            0.00
 319           371.03            1,340.86            62,264.59            0.00
 320           363.21            1,348.68            60,915.91            0.00
 321           355.34            1,356.55            59,559.36            0.00
 322           347.43            1,364.46            58,194.90            0.00
 323           339.47            1,372.42            56,822.49            0.00
 324           331.46            1,380.43            55,442.06            0.00
 325           323.41            1,388.48            54,053.58            0.00
 326           315.31            1,396.58            52,657.00            0.00
 327           307.17            1,404.72            51,252.28            0.00
 328           298.97            1,412.92            49,839.36            0.00
 329           290.73            1,421.16            48,418.20            0.00
 330           282.44            1,429.45            46,988.75            0.00
 331           274.10            1,437.79            45,550.96            0.00
 332           265.71            1,446.18            44,104.79            0.00
 333           257.28            1,454.61            42,650.18            0.00
 334           248.79            1,463.10            41,187.08            0.00
 335           240.26            1,471.63            39,715.45            0.00
 336           231.67            1,480.22            38,235.23            0.00
 337           223.04            1,488.85            36,746.38            0.00
 338           214.35            1,497.54            35,248.84            0.00
 339           205.62            1,506.27            33,742.57            0.00
 340           196.83            1,515.06            32,227.51            0.00
 341           187.99            1,523.90            30,703.62            0.00
 342           179.10            1,532.79            29,170.83            0.00
 343           170.16            1,541.73            27,629.10            0.00
 344           161.17            1,550.72            26,078.38            0.00
 345           152.12            1,559.77            24,518.62            0.00
 346           143.03            1,568.86            22,949.75            0.00
 347           133.87            1,578.02            21,371.74            0.00
 348           124.67            1,587.22            19,784.52            0.00
 349           115.41            1,596.48            18,188.04            0.00
 350           106.10            1,605.79            16,582.24            0.00
 351            96.73            1,615.16            14,967.08            0.00
 352            87.31            1,624.58            13,342.50            0.00
 353            77.83            1,634.06            11,708.44            0.00
 354            68.30            1,643.59            10,064.85            0.00
 355            58.71            1,653.18             8,411.67            0.00
 356            49.07            1,662.82             6,748.85            0.00
 357            39.37            1,672.52             5,076.33            0.00
 358            29.61            1,682.28             3,394.05            0.00
 359            19.80            1,692.09             1,701.96            0.00
 360             9.93            1,701.96                 0.00            0.00
==============================================================================

Mortgage Summary
Total interest paid: $                                              358,970.35
Total payment to principal: $                                       257,310.00
Total PMI paid: $                                                    14,618.42
Total payments: $                                                   630,898.77
